347
1073
222
552
148
326
260
528
1036
713
910
50
705
630
912
316
606
773
1050
631
861
903
1074
793
217
676
769
1132
669
232
1059
802
249
566
35
1106
235
748
835
313
874
799
844
803
662
1020
181
1165
549
434
233
1177
125
600
1069
1040
109
474
901
645
485
310
505
489
1066
640
390
38
820
241
647
921
307
611
381
171
493
971
547
577
637
822
1052
770
408
993
944
95
295
1033
521
135
90
221
804
320
601
544
416
1104
694
65
936
427
797
945
890
887
463
188
0
1013
1135
605
118
754
634
951
989
103
84
385
1127
1146
894
92
742
1143
952
332
468
860
731
904
481
382
625
911
396
988
673
312
1
783
843
441
380
591
376
918
927
716
340
710
234
598
266
257
892
1064
1176
399
1053
452
1155
477
557
413
1062
1118
1119
483
1001
1110
767
16
1148
220
537
286
160
796
210
981
570
458
933
1161
1140
482
739
872
1157
189
143
1030
166
782
243
712
1077
879
953
153
318
94
1171
632
533
1158
28
876
277
764
646
626
1166
884
837
45
361
807
321
1003
137
1018
660
684
308
331
196
737
366
656
200
134
1027
867
73
504
98
838
471
1097
479
112
402
349
480
40
972
110
1136
29
359
328
341
597
162
883
223
854
292
868
665
1079
203
227
1113
934
512
842
422
124
729
371
762
765
444
309
102
853
470
187
237
893
888
663
839
758
520
1000
585
539
397
1095
865
48
964
941
93
574
1101
259
64
718
736
668
476
388
461
180
828
63
1088
832
898
1046
946
306
849
610
551
42
963
336
383
5
1038
909
772
593
931
432
542
3
750
996
654
1153
497
690
655
218
446
425
239
775
199
116
745
431
682
25
276
261
913
1131
325
374
572
345
590
420
815
1175
923
216
836
278
1099
519
178
784
490
607
460
850
1044
810
602
575
643
74
999
819
990
333
75
578
691
386
245
1114
285
548
367
756
1172
30
1147
56
617
517
985
937
208
270
1094
83
759
929
998
871
18
204
365
1022
185
987
635
41
1170
417
20
62
496
1056
717
589
1124
289
457
193
920
1137
650
478
1102
720
776
994
293
689
379
613
680
1071
827
44
1004
1159
965
595
77
725
49
1100
760
1010
88
973
267
771
248
215
163
6
525
334
156
268
356
950
338
984
1150
173
564
428
889
957
980
855
1179
1092
1029
76
811
530
122
395
612
23
298
108
562
559
794
10
565
995
620
569
433
296
300
139
502
403
1125
768
917
558
563
666
438
229
1151
1021
377
1011
303
778
97
955
415
136
150
54
545
1042
329
288
926
142
932
1048
14
79
629
1051
167
445
279
484
31
251
851
857
58
1089
360
113
9
487
789
1028
902
584
747
1002
824
280
859
389
1108
1063
1045
11
1144
746
638
624
1084
919
974
540
886
863
130
1156
958
1093
596
1105
182
492
701
992
342
979
730
535
678
914
258
688
977
191
866
214
939
414
246
66
724
400
808
322
870
412
513
1122
628
906
287
421
448
608
1145
138
494
456
1047
439
155
190
1012
362
1152
1168
469
1120
1061
573
1173
657
231
346
80
702
831
269
967
311
121
146
34
825
1058
834
291
1065
1123
707
1054
587
830
753
659
752
419
882
651
409
604
780
1178
206
869
644
282
13
302
1076
195
466
653
99
878
370
649
1072
123
61
319
272
327
209
991
744
183
741
354
426
451
157
924
1116
21
1025
582
1121
274
568
1096
774
1024
1085
1037
7
335
212
538
609
179
297
357
969
790
151
685
683
692
833
749
33
37
1138
961
681
623
1098
304
536
529
294
1057
472
301
410
315
905
70
948
256
242
740
1068
72
475
546
449
560
800
809
351
553
787
922
263
554
1067
281
1016
126
46
956
120
531
467
621
942
1006
350
1163
733
962
161
462
24
982
1080
1141
144
2
201
51
801
603
580
738
928
147
418
785
1139
978
1087
119
875
175
486
114
1035
821
567
641
57
1149
960
491
976
1041
670
406
154
897
757
96
