0
1
2
3
4
5
6
7
8
9
10
11
12
13
14
16
17
19
21
22
23
24
25
26
27
29
30
31
33
34
35
36
37
39
40
41
42
44
45
46
47
48
49
50
51
52
54
55
56
58
61
63
65
66
67
68
70
71
72
73
75
76
77
78
79
80
82
83
84
86
87
89
90
91
92
94
95
96
97
98
99
100
102
103
104
105
108
109
110
111
112
113
116
117
118
119
120
121
122
123
124
125
126
128
130
132
133
135
136
137
138
139
141
142
143
144
145
146
147
148
149
150
151
153
154
155
157
159
161
162
163
164
166
167
171
172
173
174
175
176
177
178
182
185
186
187
188
189
190
191
193
195
196
198
199
200
201
203
204
205
206
207
208
209
210
211
214
215
217
218
220
221
222
223
224
225
226
227
228
229
230
231
232
233
234
237
238
239
241
242
243
244
245
246
247
248
249
251
252
253
254
256
257
258
259
260
261
262
263
264
266
267
269
270
274
276
277
278
279
280
281
282
284
285
286
287
289
290
291
292
293
294
295
296
297
300
302
303
304
306
307
308
309
310
311
312
313
315
316
318
319
320
321
322
323
325
326
327
328
329
330
331
332
333
334
335
336
338
340
342
343
344
345
346
347
348
350
353
354
356
357
359
360
361
362
363
364
365
366
367
368
370
371
373
374
376
377
379
380
381
383
385
386
387
388
389
390
391
392
394
395
396
397
400
403
404
405
406
408
409
412
413
414
415
416
417
418
419
420
423
424
425
426
427
428
430
432
433
436
437
438
439
443
444
445
446
448
451
452
453
454
456
457
458
459
460
461
462
463
464
465
466
467
468
469
470
471
472
473
475
476
477
478
479
480
481
482
484
485
486
488
490
491
492
493
494
495
497
499
500
501
502
503
505
506
507
508
509
510
512
513
514
515
516
517
518
519
520
521
523
524
525
526
528
529
530
531
532
533
534
535
536
537
538
539
540
541
542
543
544
545
546
548
549
551
552
553
554
555
556
557
558
559
560
562
566
567
568
569
570
573
574
575
576
577
578
580
581
582
583
584
585
586
587
589
590
591
592
593
594
595
596
597
598
599
600
601
602
603
604
605
606
608
609
611
612
613
614
616
619
620
622
624
625
626
627
628
629
630
631
632
634
635
637
639
640
641
642
643
644
645
646
647
648
649
650
651
653
654
655
656
657
659
661
662
663
665
666
668
669
670
672
673
674
676
677
678
679
680
681
682
684
687
688
689
690
691
692
693
696
697
698
699
700
701
702
704
705
708
709
710
711
712
713
714
715
716
717
718
720
723
724
725
726
729
730
731
733
736
737
738
739
740
741
742
743
744
745
746
747
748
749
750
751
752
753
754
756
757
758
759
760
761
762
763
764
765
767
768
769
770
771
772
773
775
776
778
780
781
782
783
784
785
786
787
788
789
790
793
794
796
797
798
799
800
801
802
803
804
805
807
808
809
810
811
812
814
816
817
818
819
820
821
822
823
824
826
827
828
830
831
833
834
835
836
837
839
840
841
842
843
844
845
846
847
848
849
850
851
852
853
854
855
857
859
860
861
863
865
867
868
869
870
871
872
874
875
876
877
878
879
881
882
883
884
885
886
887
888
889
892
893
894
896
897
898
899
900
901
902
18
20
28
38
57
62
64
74
88
93
106
114
115
134
156
160
179
180
181
183
197
212
216
219
235
240
268
272
288
298
301
324
341
349
351
372
382
399
402
410
421
422
431
434
441
449
450
474
483
487
489
496
504
547
563
564
565
572
607
610
617
621
623
633
638
660
671
683
685
694
707
774
