161
396
620
119
1004
132
1149
109
764
673
122
634
65
1110
975
458
1172
941
669
187
1073
179
126
980
272
351
387
882
20
1106
75
778
753
1130
298
1143
291
516
461
97
705
400
582
215
92
1053
942
749
701
286
1122
793
899
16
420
1049
589
804
1161
928
54
386
145
470
90
438
1054
445
362
521
611
809
958
297
811
990
927
329
789
689
747
102
566
1131
77
660
645
188
209
1173
67
630
382
14
42
1140
40
1117
677
294
1096
446
733
263
851
819
1074
1012
878
892
80
372
471
1010
865
1083
48
671
1167
682
166
1063
114
853
843
345
485
982
181
970
920
486
1016
93
799
710
587
643
978
1046
33
1079
898
306
245
111
584
310
985
820
784
815
49
637
25
1008
570
544
859
370
376
553
1166
146
1029
463
320
334
217
1059
533
817
293
116
782
874
327
772
908
1151
715
560
1129
638
457
801
482
200
897
529
770
183
374
650
758
1152
162
610
540
625
659
769
37
894
335
609
138
863
575
1159
1141
480
1138
948
746
309
139
932
655
235
203
973
685
598
377
232
635
479
525
227
676
600
967
481
31
580
830
413
1158
288
154
844
1062
785
417
175
884
605
38
1105
51
545
247
631
472
740
441
810
278
1064
361
73
823
1119
497
123
1044
121
282
414
476
1045
364
70
1125
850
757
976
1072
95
57
360
496
316
649
50
285
847
76
163
1022
748
389
199
683
197
451
1094
651
744
1021
531
602
231
1118
933
771
692
988
834
437
135
177
134
368
502
604
837
929
911
1043
7
768
219
426
702
301
241
326
869
99
346
180
1175
83
909
1178
456
189
493
46
61
174
321
845
712
1098
1148
1104
78
1155
833
23
96
171
612
66
597
787
151
5
1032
923
606
257
960
1041
365
9
63
487
1002
866
448
453
240
82
427
1033
505
277
996
730
1113
624
64
1076
439
822
218
585
422
1139
94
906
956
210
616
668
41
223
1020
916
890
494
944
716
1042
783
507
534
1145
44
752
1156
546
287
1056
125
1069
1123
551
425
307
58
45
1057
478
336
308
938
984
953
1127
688
530
367
302
1144
1
160
872
623
1171
969
578
460
1030
759
242
741
222
627
937
877
292
1019
27
29
229
729
827
261
253
800
995
1177
474
1135
565
993
484
383
881
172
147
74
861
931
1087
788
144
939
868
513
433
563
1050
558
608
1000
1132
462
267
312
687
366
418
1040
397
855
385
251
103
381
1170
883
466
475
371
1168
991
1038
842
1048
739
559
296
483
628
1047
981
1024
118
590
141
1146
120
596
10
999
760
35
156
808
745
924
259
356
1077
798
490
1095
607
249
167
963
419
157
467
720
554
670
405
21
113
849
1115
907
742
216
592
148
328
595
594
269
839
1025
270
313
256
88
921
252
318
640
690
644
243
504
564
1093
832
902
805
300
765
1114
678
1157
662
331
1035
206
780
266
193
821
303
987
657
751
791
349
211
274
707
693
1092
569
406
1003
1124
989
136
994
178
646
416
731
829
1061
713
1001
281
599
1080
726
512
736
876
517
724
208
574
886
885
237
964
18
568
1153
786
491
56
1011
537
860
750
489
893
1121
342
195
295
549
684
950
1100
622
204
738
477
971
910
128
110
11
234
492
515
248
567
1176
1137
409
380
831
803
357
681
1068
1116
52
1097
428
319
665
415
315
961
454
444
224
68
613
1101
2
647
431
1147
857
1085
838
654
268
279
629
879
539
887
276
124
354
946
825
972
1036
913
143
520
656
1136
962
977
603
754
725
696
919
1066
680
1052
221
903
538
1088
399
220
901
449
562
691
1058
1165
130
934
632
617
979
717
797
1084
940
572
796
468
998
854
812
190
379
0
756
889
1028
214
535
322
945
260
153
1120
541
1099
1179
258
835
341
403
87
952
3
108
1089
775
790
1055
718
601
1067
469
836
1013
965
98
762
340
150
794
1027
28
1071
591
105
542
846
304
13
1150
408
185
1006
332
904
737
1108
666
992
1102
